,month,avg_ride_length_casual,avg_ride_length_member,qtty_rides_casual,qtty_rides_member
0,January,25.68,12.87,18117,78715
1,February,49.37,18.02,10131,39491
2,March,38.16,13.97,84032,144462
3,April,38.02,14.69,136601,200624
4,May,38.23,14.64,256916,274715
5,June,37.12,14.68,370678,358912
6,July,32.79,14.24,442048,380349
7,August,28.79,14.1,412662,391661
8,September,27.82,13.74,363883,392228
9,October,28.67,12.5,257242,373984
10,November,23.13,11.31,106898,253027
11,December,23.49,11.0,69738,177802
12,January,30.38,11.98,18520,85250
13,February,26.71,11.41,21416,94193
14,March,32.62,11.96,89880,194160
15,April,29.53,11.49,126417,244832
16,May,30.87,13.37,280414,354443
17,June,32.1,14.0,369044,400148
18,July,29.28,13.72,406046,417426
19,August,29.31,13.38,358917,427000
20,September,27.99,12.98,296694,404636
21,October,26.39,11.96,208988,349693
22,November,21.3,11.13,100747,236947
